common_eqtl	cis_cpg	mqtl_statistic	mqtl_pvalue	mqtl_FDR	mqtl_beta	metabolite	met_statistic	met_pvalue	met_fdr	met_beta
rs174574_A	cg06781209	-4.95042	0.00000122564365522165	0.00202963728242131	-0.0198443	mz_rt_603.349_208.919	-5.98135	0.00000000741432528496946	0.0522804588809818	-0.301196
rs7915108_T	cg08397758	-4.99218	0.00000100420419245995	0.00170376939143149	-0.0237398	mz_rt_161.128_100.935	8.82429	1.75898279990595e-16	0.0000000134366639052153	1.37601
rs7915108_T	cg08397758	-4.99218	0.00000100420419245995	0.00170376939143149	-0.0237398	mz_rt_162.132_101.515	8.38245	0.0000000000000034873381543842	0.000000217958468207873	2.16863
rs7915108_T	cg08397758	-4.99218	0.00000100420419245995	0.00170376939143149	-0.0237398	mz_rt_183.111_106.825	8.19418	0.000000000000012142637614093	0.000000642158229600321	2.0487
rs174528_T	cg00603274	4.99397	0.000000995628350781946	0.00169050520263715	0.0132317	mz_rt_603.349_208.919	6.16614	0.00000000271103422300177	0.0283869024280224	0.312959
rs7072216_T	cg05732883	-4.99649	0.000000983667127361709	0.00167209039229255	-0.0319662	mz_rt_115.095_40.73	6.22715	0.00000000193567759190423	0.0223660055160239	0.5329
rs7072216_T	cg05732883	-4.99649	0.000000983667127361709	0.00167209039229255	-0.0319662	mz_rt_161.128_100.935	12.5457	1.83880513191846e-28	3.611935893775e-20	1.69937
rs7072216_T	cg05732883	-4.99649	0.000000983667127361709	0.00167209039229255	-0.0319662	mz_rt_162.132_101.515	13.111	2.16830243660438e-30	1.49070678680673e-21	2.86294
rs7072216_T	cg05732883	-4.99649	0.000000983667127361709	0.00167209039229255	-0.0319662	mz_rt_183.111_106.825	11.7441	9.20478186096053e-26	1.26565653937998e-17	2.5706
rs7072216_T	cg05732883	-4.99649	0.000000983667127361709	0.00167209039229255	-0.0319662	mz_rt_217.155_81.683	6.23161	0.00000000188841821605929	0.0220048564766305	1.35429
rs108499_C	cg06781209	5.00527	0.000000943138524785657	0.00161007481468744	0.0206023	mz_rt_603.349_208.919	6.02005	0.00000000601645390750744	0.0450889614977943	0.314382
rs174529_T	cg00603274	5.05618	0.00000073803987189159	0.00129307074669021	0.0133989	mz_rt_603.349_208.919	6.27428	0.00000000148987594674787	0.0189310778820779	0.318778
rs2147896_A	cg05732883	-5.05731	0.000000734010549555082	0.00128677719102282	-0.0327541	mz_rt_115.095_40.73	6.0669	0.00000000466590932466231	0.0391196367207676	0.525674
rs2147896_A	cg05732883	-5.05731	0.000000734010549555082	0.00128677719102282	-0.0327541	mz_rt_161.128_100.935	12.9043	1.10486699701877e-29	4.69785766440798e-21	1.74471
rs2147896_A	cg05732883	-5.05731	0.000000734010549555082	0.00128677719102282	-0.0327541	mz_rt_162.132_101.515	13.1721	1.33845829002232e-30	1.49070678680673e-21	2.89704
rs2147896_A	cg05732883	-5.05731	0.000000734010549555082	0.00128677719102282	-0.0327541	mz_rt_183.111_106.825	12.0211	1.08782198407142e-26	1.8696926073564e-18	2.63326
rs2147896_A	cg05732883	-5.05731	0.000000734010549555082	0.00128677719102282	-0.0327541	mz_rt_217.155_81.683	6.30381	0.00000000126358489568161	0.0168682320854182	1.38034
rs174583_C	cg06781209	5.14985	0.000000467667454040006	0.000860202244559635	0.0207537	mz_rt_603.349_208.919	5.9716	0.00000000781381991679094	0.0548162968422277	0.304599
rs174529_T	cg06781209	5.19992	0.000000365469060861401	0.000690925542542775	0.0210237	mz_rt_603.349_208.919	6.27428	0.00000000148987594674787	0.0189310778820779	0.318778
rs174576_C	cg06781209	5.2138	0.000000341221344821252	0.000649818939842294	0.0209735	mz_rt_603.349_208.919	6.16246	0.00000000276643478553565	0.0283869024280224	0.312836
rs4539242_T	cg05732883	-5.21827	0.000000333744711585441	0.000636971742455829	-0.0335535	mz_rt_115.095_40.73	6.20664	0.00000000216834211281807	0.0238827639100424	0.532073
rs4539242_T	cg05732883	-5.21827	0.000000333744711585441	0.000636971742455829	-0.0335535	mz_rt_161.128_100.935	12.7212	4.65177044458527e-29	1.27923589538915e-20	1.71623
rs4539242_T	cg05732883	-5.21827	0.000000333744711585441	0.000636971742455829	-0.0335535	mz_rt_162.132_101.515	12.8772	1.36665054599728e-29	4.69785766440798e-21	2.83579
rs4539242_T	cg05732883	-5.21827	0.000000333744711585441	0.000636971742455829	-0.0335535	mz_rt_183.111_106.825	11.8642	3.65372057938101e-26	5.58206884471364e-18	2.59098
rs4539242_T	cg05732883	-5.21827	0.000000333744711585441	0.000636971742455829	-0.0335535	mz_rt_217.155_81.683	6.33168	0.00000000108111429191921	0.0147181288734545	1.37492
rs108499_C	cg00603274	5.22788	0.00000031822015234489	0.000609914047144324	0.0140248	mz_rt_603.349_208.919	6.02005	0.00000000601645390750744	0.0450889614977943	0.314382
rs174534_A	cg06781209	5.27279	0.000000254455156712936	0.000498422327574002	0.0211958	mz_rt_603.349_208.919	6.39066	0.000000000776020713686308	0.0117255787527135	0.323947
rs102275_T	cg06781209	5.284	0.000000240579133635267	0.000474581461182576	0.0214172	mz_rt_603.349_208.919	6.3665	0.000000000889150597087487	0.0129473148686158	0.325155
rs174583_C	cg00603274	5.28642	0.000000237685323030842	0.000469674738663793	0.0139029	mz_rt_603.349_208.919	5.9716	0.00000000781381991679094	0.0548162968422277	0.304599
rs174534_A	cg00603274	5.28843	0.000000235298532889597	0.000465361041447271	0.0138995	mz_rt_603.349_208.919	6.39066	0.000000000776020713686308	0.0117255787527135	0.323947
rs4345897_A	cg05732883	-5.35987	0.000000164233462871318	0.000337680279714286	-0.0343235	mz_rt_161.128_100.935	11.549	4.10858577767509e-25	5.13572830026199e-17	1.61387
rs4345897_A	cg05732883	-5.35987	0.000000164233462871318	0.000337680279714286	-0.0343235	mz_rt_162.132_101.515	12.5796	1.41074109691347e-28	3.23294587829646e-20	2.79523
rs4345897_A	cg05732883	-5.35987	0.000000164233462871318	0.000337680279714286	-0.0343235	mz_rt_183.111_106.825	11.4839	6.7615616737169e-25	7.74761683476748e-17	2.53625
rs4345897_A	cg05732883	-5.35987	0.000000164233462871318	0.000337680279714286	-0.0343235	mz_rt_217.155_81.683	6.117	0.0000000035499151704479	0.0329637463990367	1.33423
rs174546_C	cg00603274	5.41165	0.000000126258040478566	0.000267282848611265	0.0144251	mz_rt_603.349_208.919	6.58421	0.000000000257619139440728	0.00555997863312142	0.339135
rs174550_T	cg00603274	5.41165	0.000000126258040478566	0.000267282848611265	0.0144251	mz_rt_603.349_208.919	6.58421	0.000000000257619139440728	0.00555997863312142	0.339135
rs102275_T	cg00603274	5.52237	0.0000000714959388231176	0.000159932821740717	0.0145823	mz_rt_603.349_208.919	6.3665	0.000000000889150597087487	0.0129473148686158	0.325155
rs174576_C	cg00603274	5.52448	0.0000000707176441095655	0.000158368118540482	0.0144615	mz_rt_603.349_208.919	6.16246	0.00000000276643478553565	0.0283869024280224	0.312836
rs174547_T	cg00603274	5.55977	0.0000000588830089727326	0.000134549228947531	0.0147037	mz_rt_603.349_208.919	6.73829	0.000000000105424164165136	0.00268440953762388	0.343004
rs174574_A	cg00603274	-5.56718	0.0000000566536799663167	0.000129921405473531	-0.0144537	mz_rt_603.349_208.919	-5.98135	0.00000000741432528496946	0.0522804588809818	-0.301196
rs174549_G	cg00603274	5.57507	0.0000000543704697962295	0.000125197308635324	0.015362	mz_rt_603.349_208.919	6.35809	0.000000000932207382407791	0.0129473148686158	0.346779
rs174555_T	cg00603274	5.57507	0.0000000543704697962295	0.000125197308635324	0.015362	mz_rt_603.349_208.919	6.35809	0.000000000932207382407791	0.0129473148686158	0.346779
rs174537_G	cg00603274	5.59053	0.0000000501574133047361	0.000116675327903835	0.0149474	mz_rt_603.349_208.919	6.67447	0.000000000152889354609442	0.00368811757989754	0.345833
rs174556_C	cg00603274	5.59991	0.0000000477575555793851	0.000111528318385352	0.0153946	mz_rt_603.349_208.919	6.35809	0.000000000932207382407791	0.0129473148686158	0.346779
rs635634_C	cg24267699	-5.63806	0.0000000390960213833199	0.0000932004294253106	-0.0300864	mz_rt_530.207_109.904	-5.96647	0.00000000803254838627759	0.055894308142827	-1.78564
rs1535_A	cg00603274	5.66402	0.0000000340984606382863	0.000082322162461307	0.0149082	mz_rt_603.349_208.919	6.57553	0.000000000270818110019484	0.0056922132274286	0.334783
rs4246215_G	cg00603274	5.6873	0.0000000301506744217867	0.0000737510072117027	0.0149523	mz_rt_603.349_208.919	6.61448	0.000000000216385823628215	0.00504288610650307	0.338599
rs72780766_G	cg15115171	-5.70172	0.0000000279341640628264	0.0000689056526647323	-0.133181	mz_rt_271.227_289.737	6.06338	0.00000000475614324972033	0.0394442613753763	2.64949
rs174536_A	cg00603274	5.7396	0.0000000228379410986913	0.0000575816635134875	0.0152233	mz_rt_603.349_208.919	6.82913	0.0000000000618568898574107	0.0018096416724299	0.349626
rs174535_T	cg00603274	5.74734	0.0000000219147479821245	0.0000555240321751377	0.0151709	mz_rt_603.349_208.919	6.40403	0.000000000719627500576907	0.0111178321088132	0.32869
rs174538_G	cg00603274	5.86326	0.000000011752416577966	0.000031577328946137	0.0155008	mz_rt_603.349_208.919	6.40778	0.000000000704558500570724	0.0110087181647536	0.334213
rs1535_A	cg06781209	5.89237	0.0000000100349423759069	0.0000273325167745977	0.0236229	mz_rt_603.349_208.919	6.57553	0.000000000270818110019484	0.0056922132274286	0.334783
rs4246215_G	cg06781209	5.92282	0.00000000850161529209983	0.0000235507379501483	0.0237144	mz_rt_603.349_208.919	6.61448	0.000000000216385823628215	0.00504288610650307	0.338599
rs174546_C	cg06781209	5.94797	0.0000000074098607481387	0.0000207723990060732	0.0240257	mz_rt_603.349_208.919	6.58421	0.000000000257619139440728	0.00555997863312142	0.339135
rs174550_T	cg06781209	5.94797	0.0000000074098607481387	0.0000207723990060732	0.0240257	mz_rt_603.349_208.919	6.58421	0.000000000257619139440728	0.00555997863312142	0.339135
rs174535_T	cg06781209	5.94875	0.00000000737835773577015	0.0000206919475529806	0.0239275	mz_rt_603.349_208.919	6.40403	0.000000000719627500576907	0.0111178321088132	0.32869
rs174537_G	cg06781209	5.96001	0.00000000693694394781404	0.0000195725070472998	0.0242135	mz_rt_603.349_208.919	6.67447	0.000000000152889354609442	0.00368811757989754	0.345833
rs174547_T	cg06781209	6.063	0.0000000039298848274862	0.0000116570364874625	0.024308	mz_rt_603.349_208.919	6.73829	0.000000000105424164165136	0.00268440953762388	0.343004
rs174538_G	cg06781209	6.06877	0.00000000380604703766861	0.0000113303504053343	0.0244449	mz_rt_603.349_208.919	6.40778	0.000000000704558500570724	0.0110087181647536	0.334213
rs174536_A	cg06781209	6.07545	0.00000000366719963424655	0.000010948274171807	0.0244967	mz_rt_603.349_208.919	6.82913	0.0000000000618568898574107	0.0018096416724299	0.349626
rs174556_C	cg06781209	6.10694	0.00000000307726496624316	0.00000933320344965381	0.025448	mz_rt_603.349_208.919	6.35809	0.000000000932207382407791	0.0129473148686158	0.346779
rs174549_G	cg06781209	6.12628	0.00000000276192599409087	0.00000847567307550734	0.0255687	mz_rt_603.349_208.919	6.35809	0.000000000932207382407791	0.0129473148686158	0.346779
rs174555_T	cg06781209	6.12628	0.00000000276192599409087	0.00000847567307550734	0.0255687	mz_rt_603.349_208.919	6.35809	0.000000000932207382407791	0.0129473148686158	0.346779
9:136145425-C-A_C	cg24267699	-6.60461	0.000000000176311670010595	0.00000067919020986218	-0.0327497	mz_rt_530.207_109.904	-6.08078	0.00000000432636445756743	0.0368820268047508	-1.70377
9:136146597-C-T_C	cg24267699	-6.60461	0.000000000176311670010595	0.00000067919020986218	-0.0327497	mz_rt_530.207_109.904	-6.08078	0.00000000432636445756743	0.0368820268047508	-1.70377
rs635634_C	cg22535403	-6.95895	0.0000000000209034304093579	0.0000000942180508434584	-0.104314	mz_rt_530.207_109.904	-5.96647	0.00000000803254838627759	0.055894308142827	-1.78564
rs635634_C	cg21160290	-7.20213	0.00000000000462872282492287	0.0000000230717883987478	-0.142327	mz_rt_530.207_109.904	-5.96647	0.00000000803254838627759	0.055894308142827	-1.78564
GSA-rs11189581_T	cg26690318	-8.86004	6.67727536635705e-17	0.000000000000592764898310828	-0.179939	mz_rt_115.095_40.73	-6.04926	0.00000000513538759160811	0.0412932897444689	-0.494379
GSA-rs11189581_T	cg26690318	-8.86004	6.67727536635705e-17	0.000000000000592764898310828	-0.179939	mz_rt_161.128_100.935	-9.51618	1.40484503477647e-18	0.000000000120728777983148	-1.33948
GSA-rs11189581_T	cg26690318	-8.86004	6.67727536635705e-17	0.000000000000592764898310828	-0.179939	mz_rt_162.132_101.515	-10.8068	1.13134614913066e-22	0.0000000000000119661520549324	-2.40547
GSA-rs11189581_T	cg26690318	-8.86004	6.67727536635705e-17	0.000000000000592764898310828	-0.179939	mz_rt_183.111_106.825	-10.5321	8.75601199187543e-22	0.0000000000000859964806786866	-2.27264
rs4345897_A	cg26690318	9.29769	2.81349548383792e-18	0.0000000000000285127599542508	0.191345	mz_rt_161.128_100.935	11.549	4.10858577767509e-25	5.13572830026199e-17	1.61387
rs4345897_A	cg26690318	9.29769	2.81349548383792e-18	0.0000000000000285127599542508	0.191345	mz_rt_162.132_101.515	12.5796	1.41074109691347e-28	3.23294587829646e-20	2.79523
rs4345897_A	cg26690318	9.29769	2.81349548383792e-18	0.0000000000000285127599542508	0.191345	mz_rt_183.111_106.825	11.4839	6.7615616737169e-25	7.74761683476748e-17	2.53625
rs4345897_A	cg26690318	9.29769	2.81349548383792e-18	0.0000000000000285127599542508	0.191345	mz_rt_217.155_81.683	6.117	0.0000000035499151704479	0.0329637463990367	1.33423
rs17109597_G	cg26690318	9.49307	6.6637002933401e-19	0.00000000000000718194403035959	0.20964	mz_rt_161.128_100.935	7.74592	0.000000000000221895723940553	0.00000897371727728677	1.2951
rs17109597_G	cg26690318	9.49307	6.6637002933401e-19	0.00000000000000718194403035959	0.20964	mz_rt_162.132_101.515	9.11916	2.29443627803223e-17	0.0000000018557926312566	2.41377
rs17109597_G	cg26690318	9.49307	6.6637002933401e-19	0.00000000000000718194403035959	0.20964	mz_rt_183.111_106.825	6.77616	0.0000000000844599992203179	0.0023700491886722	1.82834
9:136145425-C-A_C	cg22535403	-9.58644	3.32951524417991e-19	0.00000000000000366969268138754	-0.128212	mz_rt_530.207_109.904	-6.08078	0.00000000432636445756743	0.0368820268047508	-1.70377
9:136146597-C-T_C	cg22535403	-9.58644	3.32951524417991e-19	0.00000000000000366969268138754	-0.128212	mz_rt_530.207_109.904	-6.08078	0.00000000432636445756743	0.0368820268047508	-1.70377
9:136145425-C-A_C	cg21160290	-10.2135	2.8866472798531e-21	3.84048843918411e-17	-0.178197	mz_rt_530.207_109.904	-6.08078	0.00000000432636445756743	0.0368820268047508	-1.70377
9:136146597-C-T_C	cg21160290	-10.2135	2.8866472798531e-21	3.84048843918411e-17	-0.178197	mz_rt_530.207_109.904	-6.08078	0.00000000432636445756743	0.0368820268047508	-1.70377
rs4539242_T	cg26690318	10.386	7.62621169720048e-22	1.06607854819372e-17	0.208521	mz_rt_115.095_40.73	6.20664	0.00000000216834211281807	0.0238827639100424	0.532073
rs4539242_T	cg26690318	10.386	7.62621169720048e-22	1.06607854819372e-17	0.208521	mz_rt_161.128_100.935	12.7212	4.65177044458527e-29	1.27923589538915e-20	1.71623
rs4539242_T	cg26690318	10.386	7.62621169720048e-22	1.06607854819372e-17	0.208521	mz_rt_162.132_101.515	12.8772	1.36665054599728e-29	4.69785766440798e-21	2.83579
rs4539242_T	cg26690318	10.386	7.62621169720048e-22	1.06607854819372e-17	0.208521	mz_rt_183.111_106.825	11.8642	3.65372057938101e-26	5.58206884471364e-18	2.59098
rs4539242_T	cg26690318	10.386	7.62621169720048e-22	1.06607854819372e-17	0.208521	mz_rt_217.155_81.683	6.33168	0.00000000108111429191921	0.0147181288734545	1.37492
rs2147896_A	cg26690318	10.6079	1.35478745076947e-22	2.00863849283286e-18	0.212792	mz_rt_115.095_40.73	6.0669	0.00000000466590932466231	0.0391196367207676	0.525674
rs2147896_A	cg26690318	10.6079	1.35478745076947e-22	2.00863849283286e-18	0.212792	mz_rt_161.128_100.935	12.9043	1.10486699701877e-29	4.69785766440798e-21	1.74471
rs2147896_A	cg26690318	10.6079	1.35478745076947e-22	2.00863849283286e-18	0.212792	mz_rt_162.132_101.515	13.1721	1.33845829002232e-30	1.49070678680673e-21	2.89704
rs2147896_A	cg26690318	10.6079	1.35478745076947e-22	2.00863849283286e-18	0.212792	mz_rt_183.111_106.825	12.0211	1.08782198407142e-26	1.8696926073564e-18	2.63326
rs2147896_A	cg26690318	10.6079	1.35478745076947e-22	2.00863849283286e-18	0.212792	mz_rt_217.155_81.683	6.30381	0.00000000126358489568161	0.0168682320854182	1.38034
rs7072216_T	cg26690318	10.888	1.49471340569282e-23	2.38098724820916e-19	0.214019	mz_rt_115.095_40.73	6.22715	0.00000000193567759190423	0.0223660055160239	0.5329
rs7072216_T	cg26690318	10.888	1.49471340569282e-23	2.38098724820916e-19	0.214019	mz_rt_161.128_100.935	12.5457	1.83880513191846e-28	3.611935893775e-20	1.69937
rs7072216_T	cg26690318	10.888	1.49471340569282e-23	2.38098724820916e-19	0.214019	mz_rt_162.132_101.515	13.111	2.16830243660438e-30	1.49070678680673e-21	2.86294
rs7072216_T	cg26690318	10.888	1.49471340569282e-23	2.38098724820916e-19	0.214019	mz_rt_183.111_106.825	11.7441	9.20478186096053e-26	1.26565653937998e-17	2.5706
rs7072216_T	cg26690318	10.888	1.49471340569282e-23	2.38098724820916e-19	0.214019	mz_rt_217.155_81.683	6.23161	0.00000000188841821605929	0.0220048564766305	1.35429
rs10883094_G	cg26690318	11.4965	1.14792637633625e-25	2.11524690450312e-21	0.229399	mz_rt_161.128_100.935	7.90059	0.0000000000000822929850374479	0.00000377175893396189	1.26355
rs10883094_G	cg26690318	11.4965	1.14792637633625e-25	2.11524690450312e-21	0.229399	mz_rt_162.132_101.515	7.6289	0.000000000000466352579850993	0.0000178120641006919	2.01448
rs10883094_G	cg26690318	11.4965	1.14792637633625e-25	2.11524690450312e-21	0.229399	mz_rt_183.111_106.825	6.36277	0.000000000908006460755886	0.0129473148686158	1.66349
rs7915108_T	cg26690318	14.0263	7.42405941788523e-35	2.64800258000831e-30	0.26142	mz_rt_161.128_100.935	8.82429	1.75898279990595e-16	0.0000000134366639052153	1.37601
rs7915108_T	cg26690318	14.0263	7.42405941788523e-35	2.64800258000831e-30	0.26142	mz_rt_162.132_101.515	8.38245	0.0000000000000034873381543842	0.000000217958468207873	2.16863
rs7915108_T	cg26690318	14.0263	7.42405941788523e-35	2.64800258000831e-30	0.26142	mz_rt_183.111_106.825	8.19418	0.000000000000012142637614093	0.000000642158229600321	2.0487
