common_eqtl	cis_cpg	mqtl_statistic	mqtl_pvalue	mqtl_FDR	mqtl_beta	metabolite	met_statistic	met_pvalue	met_fdr	met_beta
GSA-rs34969990_T	cg07319199	4.91408	0.00000187890181666126	0.0041618478221188	0.248002	mz_rt_644.093_27.731	-6.56959	0.00000000043545781964695	0.0112594222097807	-1.24604
rs503279_T	cg15146515	-4.96468	0.00000149187071788126	0.00341080062856884	-0.0172288	mz_rt_349.11_88.683	7.38757	0.0000000000040851351426593	0.000219997252628173	2.03211
exm-rs504963_G	cg15146515	-4.96468	0.00000149187071788126	0.00341080062856884	-0.0172288	mz_rt_349.11_88.683	7.38757	0.0000000000040851351426593	0.000219997252628173	2.03211
exm1487912_G	cg15146515	-4.96468	0.00000149187071788126	0.00341080062856884	-0.0172288	mz_rt_349.11_88.683	7.38757	0.0000000000040851351426593	0.000219997252628173	2.03211
rs632111_A	cg15146515	-4.96468	0.00000149187071788126	0.00341080062856884	-0.0172288	mz_rt_349.11_88.683	7.38757	0.0000000000040851351426593	0.000219997252628173	2.03211
GSA-rs4970443_G	cg20255272	4.97432	0.00000142742916597644	0.00328083400868066	0.148738	mz_rt_281.095_150.668	6.47236	0.000000000742451788464336	0.0150661866695546	2.17502
exm-rs492602_A	cg15146515	-5.01972	0.00000115858394077825	0.00273213832960455	-0.0171784	mz_rt_349.11_88.683	7.89	0.000000000000200838759041349	0.0000140605306232444	2.12478
rs516246_C	cg15146515	-5.01972	0.00000115858394077825	0.00273213832960455	-0.0171784	mz_rt_349.11_88.683	7.89	0.000000000000200838759041349	0.0000140605306232444	2.12478
exm-rs492602_A	cg20231299	-5.03971	0.00000105642023955982	0.00251798277647399	-0.12382	mz_rt_349.11_88.683	7.89	0.000000000000200838759041349	0.0000140605306232444	2.12478
rs516246_C	cg20231299	-5.03971	0.00000105642023955982	0.00251798277647399	-0.12382	mz_rt_349.11_88.683	7.89	0.000000000000200838759041349	0.0000140605306232444	2.12478
GSA-rs28367584_C	cg15947697	5.04858	0.0000010139349129105	0.00242923636984146	0.153936	mz_rt_396.278_255.182	6.2496	0.00000000247498296966243	0.0326926802329725	1.16785
rs281379_G	cg15146515	-5.14776	0.000000638581005776236	0.00161568271958427	-0.0179279	mz_rt_349.11_88.683	6.85323	0.0000000000893804416890459	0.00305240964221477	1.94188
rs1868468_G	cg09895527	-5.20909	0.000000478285703871775	0.00125208168354546	-0.0240491	mz_rt_354.994_28.672	-6.17328	0.00000000371626482239681	0.0406519012353574	-1.02534
rs111938039_G	cg15688683	5.24974	0.000000394391676448921	0.00105200605215644	0.175971	mz_rt_281.095_150.668	6.25091	0.00000000245780817313885	0.0326926802329725	1.78994
GSA-rs114542476_T	cg19179910	5.50418	0.000000115207869338988	0.000351193141557255	0.266426	mz_rt_396.278_255.182	6.47286	0.000000000740445491864093	0.0150661866695546	1.21956
GSA-rs28397301_C	cg19179910	5.50418	0.000000115207869338988	0.000351193141557255	0.266426	mz_rt_396.278_255.182	6.47286	0.000000000740445491864093	0.0150661866695546	1.21956
GSA-rs28367584_C	cg19179910	5.63784	0.0000000594126275983419	0.000194023258802822	0.268207	mz_rt_396.278_255.182	6.2496	0.00000000247498296966243	0.0326926802329725	1.16785
rs111938039_G	cg20255272	5.67925	0.0000000482893953672571	0.000161110583490033	0.142328	mz_rt_281.095_150.668	6.25091	0.00000000245780817313885	0.0326926802329725	1.78994
rs6913377_G	cg15947697	5.87519	0.0000000178631806319525	0.0000655601640648934	0.178222	mz_rt_396.278_255.182	6.20185	0.00000000319290272778851	0.0372075976182018	1.18277
GSA-rs7752963_A	cg15947697	5.87519	0.0000000178631806319525	0.0000655601640648934	0.178222	mz_rt_396.278_255.182	6.20185	0.00000000319290272778851	0.0372075976182018	1.18277
rs7747738_C	cg15947697	5.87519	0.0000000178631806319525	0.0000655601640648934	0.178222	mz_rt_396.278_255.182	6.20185	0.00000000319290272778851	0.0372075976182018	1.18277
GSA-rs41315391_T	cg15947697	5.87519	0.0000000178631806319525	0.0000655601640648934	0.178222	mz_rt_396.278_255.182	6.20185	0.00000000319290272778851	0.0372075976182018	1.18277
GSA-rs28397290_T	cg15947697	5.87519	0.0000000178631806319525	0.0000655601640648934	0.178222	mz_rt_396.278_255.182	6.20185	0.00000000319290272778851	0.0372075976182018	1.18277
rs111938039_G	cg21118819	6.07509	0.00000000633291423518358	0.0000256842396293522	0.172933	mz_rt_281.095_150.668	6.25091	0.00000000245780817313885	0.0326926802329725	1.78994
GSA-rs41315391_T	cg19179910	6.094	0.0000000057345762115357	0.0000234799546047632	0.290845	mz_rt_396.278_255.182	6.20185	0.00000000319290272778851	0.0372075976182018	1.18277
GSA-rs28397290_T	cg19179910	6.094	0.0000000057345762115357	0.0000234799546047632	0.290845	mz_rt_396.278_255.182	6.20185	0.00000000319290272778851	0.0372075976182018	1.18277
rs6913377_G	cg19179910	6.094	0.0000000057345762115357	0.0000234799546047632	0.290845	mz_rt_396.278_255.182	6.20185	0.00000000319290272778851	0.0372075976182018	1.18277
GSA-rs7752963_A	cg19179910	6.094	0.0000000057345762115357	0.0000234799546047632	0.290845	mz_rt_396.278_255.182	6.20185	0.00000000319290272778851	0.0372075976182018	1.18277
rs7747738_C	cg19179910	6.094	0.0000000057345762115357	0.0000234799546047632	0.290845	mz_rt_396.278_255.182	6.20185	0.00000000319290272778851	0.0372075976182018	1.18277
rs4345897_A	cg26690318	7.03153	0.0000000000331834857539047	0.000000206947608102688	0.176103	mz_rt_161.128_100.935	11.167	9.00968471904369e-23	0.0000000000000140168769661094	1.64599
rs4345897_A	cg26690318	7.03153	0.0000000000331834857539047	0.000000206947608102688	0.176103	mz_rt_162.132_101.515	11.1105	1.33028574056877e-22	0.0000000000000186264080521246	2.7425
rs4345897_A	cg26690318	7.03153	0.0000000000331834857539047	0.000000206947608102688	0.176103	mz_rt_183.111_106.825	7.89972	0.000000000000189283454902012	0.0000140605306232444	1.86473
rs4730954_G	cg08101922	-7.83719	0.000000000000286801879014677	0.00000000248163865594567	-0.214207	mz_rt_97.101_24.328	6.21389	0.00000000299469350819134	0.0372075976182018	0.980501
9:136146597-C-T_C	cg24267699	-7.93755	0.000000000000155806786879424	0.00000000140287848651506	-0.0418603	mz_rt_530.207_109.904	-8.27106	0.0000000000000191643741925722	0.00000178890616197908	-2.23437
9:136145425-C-A_C	cg24267699	-7.96569	0.000000000000131221981851183	0.00000000119991706323591	-0.0419095	mz_rt_530.207_109.904	-8.11217	0.0000000000000513699803190684	0.00000423101587643728	-2.19851
rs495828_G	cg22535403	-8.0241	0.0000000000000917819544932362	0.000000000857664992498817	-0.124324	mz_rt_530.207_109.904	-6.16341	0.0000000039158458130103	0.0425030454817683	-1.89308
rs17109597_G	cg26690318	8.09834	0.0000000000000581669689226677	0.000000000557846302074206	0.216888	mz_rt_161.128_100.935	7.03533	0.0000000000316870716671913	0.00144826973868249	1.30145
rs17109597_G	cg26690318	8.09834	0.0000000000000581669689226677	0.000000000557846302074206	0.216888	mz_rt_162.132_101.515	6.48987	0.00000000067466709819296	0.0145331699302807	2.03716
GSA-rs11189581_T	cg26690318	-8.24624	0.0000000000000233088150341052	0.000000000234480168173819	-0.183444	mz_rt_161.128_100.935	-11.721	1.92902170006537e-24	3.85854216247002e-16	-1.55947
GSA-rs11189581_T	cg26690318	-8.24624	0.0000000000000233088150341052	0.000000000234480168173819	-0.183444	mz_rt_183.111_106.825	-8.22177	0.0000000000000260456365220269	0.00000227928782066199	-1.76837
GSA-rs11189581_T	cg26690318	-8.24624	0.0000000000000233088150341052	0.000000000234480168173819	-0.183444	mz_rt_162.132_101.515	-11.5227	7.66642250558302e-24	0.00000000000000134179738170319	-2.58015
rs495828_G	cg21160290	-8.4064	0.00000000000000858542194520096	0.000000000090859593643594	-0.17323	mz_rt_530.207_109.904	-6.16341	0.0000000039158458130103	0.0425030454817683	-1.89308
9:136145425-C-A_C	cg22535403	-8.7256	0.00000000000000114400536037176	0.0000000000134884733987757	-0.123044	mz_rt_530.207_109.904	-8.11217	0.0000000000000513699803190684	0.00000423101587643728	-2.19851
9:136146597-C-T_C	cg22535403	-8.75505	9.48387958780349e-16	0.0000000000112892654662331	-0.123527	mz_rt_530.207_109.904	-8.27106	0.0000000000000191643741925722	0.00000178890616197908	-2.23437
exm-rs507666_G	cg22535403	-8.81209	6.59031481459809e-16	0.00000000000804206677486988	-0.132206	mz_rt_530.207_109.904	-6.70022	0.000000000211029268343752	0.00615581603892773	-2.01966
exm-rs657152_C	cg24267699	-8.90006	3.75207184733876e-16	0.00000000000470101548016968	-0.0463903	mz_rt_530.207_109.904	-6.36789	0.00000000131015785575156	0.022817345087655	-1.8466
rs635634_C	cg22535403	-8.90745	3.57817633270521e-16	0.00000000000450312742956137	-0.133374	mz_rt_530.207_109.904	-6.54885	0.000000000488129060305355	0.011990684752739	-1.98559
9:136142217-T-G_T	cg24267699	-8.92825	3.13082857209899e-16	0.0000000000039596377500806	-0.0463045	mz_rt_530.207_109.904	-6.34881	0.00000000145237985883697	0.0231832789174197	-1.83474
rs2147896_A	cg26690318	8.9819	2.21727509939148e-16	0.00000000000284520778472544	0.199144	mz_rt_162.132_101.515	12.1299	1.10768097466233e-25	7.42387082541576e-17	2.71523
rs2147896_A	cg26690318	8.9819	2.21727509939148e-16	0.00000000000284520778472544	0.199144	mz_rt_161.128_100.935	12.1331	1.08311687346241e-25	7.42387082541576e-17	1.62479
rs2147896_A	cg26690318	8.9819	2.21727509939148e-16	0.00000000000284520778472544	0.199144	mz_rt_183.111_106.825	8.68853	0.00000000000000137916380909478	0.000000137934210542178	1.88054
rs495828_G	cg24267699	-9.09021	1.10207094873565e-16	0.00000000000146180785067029	-0.0496007	mz_rt_530.207_109.904	-6.16341	0.0000000039158458130103	0.0425030454817683	-1.89308
rs4539242_T	cg26690318	9.12496	8.80078138770983e-17	0.00000000000118076837619959	0.203178	mz_rt_161.128_100.935	11.8952	5.72001830445864e-25	1.601812178471e-16	1.62353
rs4539242_T	cg26690318	9.12496	8.80078138770983e-17	0.00000000000118076837619959	0.203178	mz_rt_162.132_101.515	11.9953	2.84132518409664e-25	9.94592377295092e-17	2.72678
rs4539242_T	cg26690318	9.12496	8.80078138770983e-17	0.00000000000118076837619959	0.203178	mz_rt_183.111_106.825	8.84165	5.18111014592147e-16	0.0000000558037841031951	1.9248
rs7072216_T	cg26690318	9.12583	8.75084416740174e-17	0.00000000000117438983799957	0.204165	mz_rt_183.111_106.825	9.02278	1.61255247429851e-16	0.0000000205260483626386	1.96281
rs7072216_T	cg26690318	9.12583	8.75084416740174e-17	0.00000000000117438983799957	0.204165	mz_rt_162.132_101.515	11.7399	1.69054017618378e-24	3.85854216247002e-16	2.70647
rs7072216_T	cg26690318	9.12583	8.75084416740174e-17	0.00000000000117438983799957	0.204165	mz_rt_161.128_100.935	12.0782	1.5906238290128e-25	7.42387082541576e-17	1.64634
exm-rs507666_G	cg24267699	-9.18793	5.84923500537345e-17	0.000000000000798313989459746	-0.0496077	mz_rt_530.207_109.904	-6.70022	0.000000000211029268343752	0.00615581603892773	-2.01966
rs687289_G	cg24267699	-9.21577	4.88105747347347e-17	0.000000000000671408366236188	-0.0469843	mz_rt_530.207_109.904	-6.70683	0.00000000020339679647418	0.00615581603892773	-1.90762
exm-rs687621_A	cg24267699	-9.21577	4.88105747347347e-17	0.000000000000671408366236188	-0.0469843	mz_rt_530.207_109.904	-6.70683	0.00000000020339679647418	0.00615581603892773	-1.90762
exm-rs507666_G	cg21160290	-9.22901	4.47837729945334e-17	0.00000000000061783812302227	-0.183852	mz_rt_530.207_109.904	-6.70022	0.000000000211029268343752	0.00615581603892773	-2.01966
exm-rs514659_A	cg24267699	-9.25735	3.72392057010821e-17	0.000000000000517172756835407	-0.0462228	mz_rt_530.207_109.904	-6.86654	0.0000000000829019468445411	0.00290194325014292	-1.90818
9:136143372-C-T_C	cg24267699	-9.25735	3.72392057010821e-17	0.000000000000517172756835407	-0.0462228	mz_rt_530.207_109.904	-6.86654	0.0000000000829019468445411	0.00290194325014292	-1.90818
9:136145240-C-T_C	cg24267699	-9.25735	3.72392057010821e-17	0.000000000000517172756835407	-0.0462228	mz_rt_530.207_109.904	-6.86654	0.0000000000829019468445411	0.00290194325014292	-1.90818
exm-rs505922_T	cg24267699	-9.26196	3.61367049659292e-17	0.000000000000502644430614416	-0.0464263	mz_rt_530.207_109.904	-7.02236	0.0000000000341333739836893	0.00144826973868249	-1.95003
9:136149500-T-C_T	cg24267699	-9.26196	3.61367049659292e-17	0.000000000000502644430614416	-0.0464263	mz_rt_530.207_109.904	-7.02236	0.0000000000341333739836893	0.00144826973868249	-1.95003
9:136146077-T-G_T	cg24267699	-9.26196	3.61367049659292e-17	0.000000000000502644430614416	-0.0464263	mz_rt_530.207_109.904	-7.02236	0.0000000000341333739836893	0.00144826973868249	-1.95003
9:136145974-A-G_A	cg24267699	-9.26196	3.61367049659292e-17	0.000000000000502644430614416	-0.0464263	mz_rt_530.207_109.904	-7.02236	0.0000000000341333739836893	0.00144826973868249	-1.95003
9:136145425-C-A_C	cg21160290	-9.39948	1.47159978918773e-17	0.000000000000214616670982293	-0.174527	mz_rt_530.207_109.904	-8.11217	0.0000000000000513699803190684	0.00000423101587643728	-2.19851
rs635634_C	cg21160290	-9.40596	1.41045256887104e-17	0.000000000000206281910886928	-0.186494	mz_rt_530.207_109.904	-6.54885	0.000000000488129060305355	0.011990684752739	-1.98559
9:136146597-C-T_C	cg21160290	-9.43065	1.19970456367529e-17	0.000000000000176804354188072	-0.175188	mz_rt_530.207_109.904	-8.27106	0.0000000000000191643741925722	0.00000178890616197908	-2.23437
rs635634_C	cg24267699	-9.52167	6.59805165824762e-18	0.0000000000000998332321563321	-0.0509029	mz_rt_530.207_109.904	-6.54885	0.000000000488129060305355	0.011990684752739	-1.98559
rs10883094_G	cg26690318	9.70487	1.96872180033094e-18	0.0000000000000314835463589979	0.258603	mz_rt_161.128_100.935	6.5673	0.000000000440983930390035	0.0112594222097807	1.29078
exm-rs657152_C	cg22535403	-10.6165	4.31999339736222e-21	8.86807349321955e-17	-0.143421	mz_rt_530.207_109.904	-6.36789	0.00000000131015785575156	0.022817345087655	-1.8466
9:136142217-T-G_T	cg22535403	-10.6551	3.32222407984388e-21	6.88470962186879e-17	-0.143163	mz_rt_530.207_109.904	-6.34881	0.00000000145237985883697	0.0231832789174197	-1.83474
exm-rs687621_A	cg22535403	-11.2853	4.43045665457316e-23	1.08587887038852e-18	-0.147208	mz_rt_530.207_109.904	-6.70683	0.00000000020339679647418	0.00615581603892773	-1.90762
rs687289_G	cg22535403	-11.2853	4.43045665457316e-23	1.08587887038852e-18	-0.147208	mz_rt_530.207_109.904	-6.70683	0.00000000020339679647418	0.00615581603892773	-1.90762
exm-rs657152_C	cg21160290	-11.5429	7.47341526706855e-24	1.96424342333281e-19	-0.203233	mz_rt_530.207_109.904	-6.36789	0.00000000131015785575156	0.022817345087655	-1.8466
9:136142217-T-G_T	cg21160290	-11.5858	5.55407538316635e-24	1.47280857818792e-19	-0.202848	mz_rt_530.207_109.904	-6.34881	0.00000000145237985883697	0.0231832789174197	-1.83474
exm-rs514659_A	cg22535403	-11.6768	2.95654221901238e-24	7.99351825911002e-20	-0.147342	mz_rt_530.207_109.904	-6.86654	0.0000000000829019468445411	0.00290194325014292	-1.90818
9:136143372-C-T_C	cg22535403	-11.6768	2.95654221901238e-24	7.99351825911002e-20	-0.147342	mz_rt_530.207_109.904	-6.86654	0.0000000000829019468445411	0.00290194325014292	-1.90818
9:136145240-C-T_C	cg22535403	-11.6768	2.95654221901238e-24	7.99351825911002e-20	-0.147342	mz_rt_530.207_109.904	-6.86654	0.0000000000829019468445411	0.00290194325014292	-1.90818
exm-rs505922_T	cg22535403	-11.7726	1.52070185791481e-24	4.1876805487513e-20	-0.148652	mz_rt_530.207_109.904	-7.02236	0.0000000000341333739836893	0.00144826973868249	-1.95003
9:136149500-T-C_T	cg22535403	-11.7726	1.52070185791481e-24	4.1876805487513e-20	-0.148652	mz_rt_530.207_109.904	-7.02236	0.0000000000341333739836893	0.00144826973868249	-1.95003
9:136146077-T-G_T	cg22535403	-11.7726	1.52070185791481e-24	4.1876805487513e-20	-0.148652	mz_rt_530.207_109.904	-7.02236	0.0000000000341333739836893	0.00144826973868249	-1.95003
9:136145974-A-G_A	cg22535403	-11.7726	1.52070185791481e-24	4.1876805487513e-20	-0.148652	mz_rt_530.207_109.904	-7.02236	0.0000000000341333739836893	0.00144826973868249	-1.95003
exm-rs687621_A	cg21160290	-12.4347	1.50372356696387e-26	4.6575608499119e-22	-0.209655	mz_rt_530.207_109.904	-6.70683	0.00000000020339679647418	0.00615581603892773	-1.90762
rs687289_G	cg21160290	-12.4347	1.50372356696387e-26	4.6575608499119e-22	-0.209655	mz_rt_530.207_109.904	-6.70683	0.00000000020339679647418	0.00615581603892773	-1.90762
rs7915108_T	cg26690318	12.6363	3.66525576823345e-27	1.21838266640564e-22	0.277765	mz_rt_161.128_100.935	8.99219	1.96525103708226e-16	0.0000000229308928558364	1.51693
rs7915108_T	cg26690318	12.6363	3.66525576823345e-27	1.21838266640564e-22	0.277765	mz_rt_162.132_101.515	7.15667	0.0000000000157442044804309	0.000787311993434719	2.13447
rs7915108_T	cg26690318	12.6363	3.66525576823345e-27	1.21838266640564e-22	0.277765	mz_rt_183.111_106.825	6.34822	0.00000000145704630994378	0.0231832789174197	1.66656
9:136145240-C-T_C	cg21160290	-12.7232	1.99475262239691e-27	6.77319061058335e-23	-0.208236	mz_rt_530.207_109.904	-6.86654	0.0000000000829019468445411	0.00290194325014292	-1.90818
9:136143372-C-T_C	cg21160290	-12.7232	1.99475262239691e-27	6.77319061058335e-23	-0.208236	mz_rt_530.207_109.904	-6.86654	0.0000000000829019468445411	0.00290194325014292	-1.90818
exm-rs514659_A	cg21160290	-12.7232	1.99475262239691e-27	6.77319061058335e-23	-0.208236	mz_rt_530.207_109.904	-6.86654	0.0000000000829019468445411	0.00290194325014292	-1.90818
9:136146077-T-G_T	cg21160290	-12.8329	9.23788049212503e-28	3.1976226161878e-23	-0.210063	mz_rt_530.207_109.904	-7.02236	0.0000000000341333739836893	0.00144826973868249	-1.95003
9:136145974-A-G_A	cg21160290	-12.8329	9.23788049212503e-28	3.1976226161878e-23	-0.210063	mz_rt_530.207_109.904	-7.02236	0.0000000000341333739836893	0.00144826973868249	-1.95003
9:136149500-T-C_T	cg21160290	-12.8329	9.23788049212503e-28	3.1976226161878e-23	-0.210063	mz_rt_530.207_109.904	-7.02236	0.0000000000341333739836893	0.00144826973868249	-1.95003
exm-rs505922_T	cg21160290	-12.8329	9.23788049212503e-28	3.1976226161878e-23	-0.210063	mz_rt_530.207_109.904	-7.02236	0.0000000000341333739836893	0.00144826973868249	-1.95003
